0.484922572044 0.5
0.479222564425 0.5
0.466167726904 0.5
0.507538728714 0.5
0.51985808887 0.5
0.545600053808 0.5
0.500183869341 0.487864509184
0.499816130659 0.477935479038
0.499816130659 0.518754872824
0.499816130659 0.533280693651
0.515445196109 0.494667760534
0.525190356914 0.495954845921
0.537877455753 0.487312902054
0.486209685115 0.497241931308
0.48253224114 0.488783883574
0.469477403619 0.486945162479
0.507354859373 0.510296797406
0.512870996758 0.522432288222
0.534016171015 0.538429063776
0.481796763776 0.514341952378
0.462490311507 0.516180674366
0.477383871015 0.53089036364
0.526661311642 0.488232247866
0.508641944759 0.508274206077
0.485290310726 0.513054866099
0.499816130659 0.502941938033
0.499632261318 0.503125807374
0.511767752134 0.494116123933
0.482716110481 0.519306480847
0.535119387061 0.475729018368
0.536406501025 0.490622577877
0.534016171015 0.511583882793
0.540635524446 0.519122611506
0.529971016935 0.531074232981
0.523719373609 0.522616157563
0.511216145004 0.529419380335
0.481061286412 0.527212919665
0.470396750324 0.51985808887
0.465616118881 0.523719373609
0.464145135575 0.511951621475
0.459364504132 0.50459679068
0.470029011642 0.493932254592
0.469293534278 0.481796764669
0.469845142301 0.478854825743
0.480509678389 0.482899980715
0.499080653295 0.479958041789
0.51342260478 0.472970949676
0.524822618232 0.477199973096
0.499816130659 0.50220646067
0.499816130659 0.486393554456
0.512135490816 0.498712914613
0.510480638169 0.499448391977
0.506987092113 0.507170990032
0.505332268044 0.517100020178
0.504780631443 0.507538728714
0.488783855889 0.510664536088
0.482899979822 0.506067745408
0.486209656538 0.497241931308
0.490070941276 0.492645169205
0.507170961454 0.494116123933
