0.5 0.5 
0.491358055241 0.5 
0.490254839195 0.5 
0.485658048515 0.5 
0.471132227688 0.5 
0.489887100513 0.5 
0.492461271286 0.500183869341 
0.466351596245 0.5 
0.457709651486 0.5 
0.487312844006 0.5 
0.481245098598 0.5 
0.529603249676 0.5 
0.517835497542 0.5 
0.51562906545 0.500183869341 
0.53493551772 0.5 
0.549277469205 0.5 
0.507538700136 0.5 
0.524271010209 0.5 
0.513790314885 0.5 
0.5 0.5 
0.511583883686 0.5 
0.538612932224 0.5 
0.505332268044 0.5 
0.542658087196 0.5 
0.507170990032 0.5 
0.523167765586 0.5 
0.508458075418 0.5 
0.53291294068 0.5 
0.507354845084 0.5 
0.469477389331 0.5 
0.484370948839 0.5 
0.486761293138 0.5 
0.471683835711 0.5 
0.476832234414 0.5 
0.493380646569 0.5 
0.47793545046 0.5 
0.490438708536 0.5 
0.464329004916 0.5 
